1000
3.12	4.91
1.77	0.91
1.91	4.73
3.45	3.95
0.56	2.53
2.35	1.51
0.49	4.92
1.76	3.13
4.01	4.51
4.36	2.06
4.38	3.09
5.00	3.69
4.97	0.95
2.67	2.11
3.04	3.99
1.21	4.86
3.73	1.32
3.25	0.74
1.37	4.95
1.28	4.83
3.20	4.96
2.24	4.86
4.70	2.24
4.53	2.57
1.56	3.20
1.45	4.35
0.61	0.06
0.28	4.94
5.00	2.69
4.67	3.92
4.62	2.39
0.24	4.86
3.37	1.17
0.23	2.94
3.05	4.32
2.84	2.30
2.68	2.63
1.46	0.91
2.59	0.66
1.92	1.29
4.52	0.41
3.16	2.18
2.48	1.02
3.29	2.40
3.85	2.95
3.31	0.00
1.16	1.52
4.11	1.24
2.97	3.24
0.36	1.23
0.88	4.85
1.15	4.89
0.36	3.91
3.06	4.11
4.71	1.46
0.35	4.54
4.80	1.77
0.64	2.94
1.80	0.96
1.22	3.49
1.05	1.18
2.66	4.72
2.90	4.08
1.00	1.38
4.79	2.49
4.00	3.91
4.50	1.77
4.65	1.44
0.80	2.49
1.74	2.88
1.05	4.21
3.14	3.89
4.50	0.52
1.89	1.92
1.18	3.94
3.45	4.92
3.29	4.95
0.25	3.66
4.85	3.33
0.36	1.96
0.38	0.78
2.85	3.27
4.84	3.00
1.00	1.93
0.04	0.83
2.73	1.93
2.01	4.07
4.58	0.89
4.40	3.81
1.02	2.38
0.31	3.21
0.94	4.22
3.29	4.02
1.60	1.53
3.32	1.00
2.69	3.18
4.72	3.65
4.84	1.36
0.94	5.00
2.12	4.62
0.04	4.86
2.06	0.75
0.52	0.44
0.32	2.06
3.82	0.17
3.79	1.87
3.39	2.67
1.91	2.45
4.96	0.72
1.08	1.29
3.70	1.59
0.44	4.36
1.71	3.54
0.25	1.90
3.09	4.74
0.51	4.37
4.48	4.91
2.95	3.40
0.46	1.75
3.97	4.99
1.64	3.26
4.36	4.85
2.86	4.46
3.74	3.22
4.74	1.43
3.94	4.59
4.52	2.78
0.31	0.74
0.82	4.13
4.10	3.53
2.14	3.04
1.75	2.33
0.72	2.90
3.54	4.51
1.28	1.63
4.92	0.81
3.65	1.91
3.29	1.48
4.38	2.96
1.19	2.89
4.23	4.45
4.71	3.38
2.66	2.19
1.70	1.53
0.02	0.95
4.82	4.21
0.08	4.09
3.34	1.72
3.08	0.79
0.84	1.58
3.95	1.17
2.52	2.87
1.07	1.36
1.82	2.73
3.00	4.87
0.73	2.09
4.08	4.09
1.68	2.83
4.95	0.32
1.47	4.18
0.00	3.30
4.09	1.99
1.92	1.22
4.69	0.00
2.30	0.25
0.93	3.47
3.09	2.61
1.35	1.64
0.40	0.74
2.38	1.70
0.67	0.65
1.32	3.46
4.07	0.90
2.82	0.43
0.90	4.83
4.85	4.98
4.57	2.35
3.02	1.95
3.72	3.96
3.49	2.23
1.31	3.67
0.40	0.18
0.38	4.12
2.91	0.91
4.43	1.86
0.35	1.23
4.95	2.22
1.24	0.61
4.54	3.34
2.78	1.45
1.76	0.94
2.78	0.83
2.36	0.54
4.51	4.36
2.01	1.32
3.17	0.65
2.23	1.25
4.06	3.89
4.18	0.93
3.39	0.22
4.61	4.19
2.06	2.68
3.95	1.80
1.28	3.39
3.94	0.51
1.26	0.53
0.76	3.22
0.29	2.31
4.74	2.20
1.90	4.21
4.31	1.29
1.75	0.58
4.61	4.53
3.89	1.20
0.50	2.68
2.87	3.49
4.55	1.14
4.07	1.08
2.57	2.12
4.19	4.37
2.78	1.29
2.56	4.62
4.68	3.54
1.29	2.95
0.03	0.43
3.85	1.88
1.02	1.68
1.86	2.52
4.93	1.04
4.22	1.66
0.08	2.01
0.59	4.03
4.87	2.53
3.68	1.38
4.96	2.84
0.33	1.57
3.70	4.61
1.43	2.09
1.61	0.26
4.53	4.84
3.92	0.22
0.48	0.09
3.46	2.15
2.06	0.51
2.32	0.24
3.22	2.57
1.85	4.39
1.62	0.62
4.24	3.39
0.70	1.14
3.24	3.17
4.56	2.45
2.84	1.02
0.11	3.14
4.98	3.76
0.86	0.35
1.14	2.87
0.79	2.13
3.26	2.45
4.35	1.75
0.61	0.75
0.57	4.95
2.56	4.28
4.68	0.03
1.71	3.91
0.44	4.25
2.44	0.79
4.48	4.16
2.52	0.54
1.70	1.45
3.82	3.12
1.65	0.28
3.42	1.56
1.22	1.31
2.95	2.00
2.97	2.46
1.54	3.75
1.40	0.85
2.68	2.39
1.26	0.63
0.24	0.75
2.97	1.11
1.76	2.04
4.75	0.04
0.03	1.69
4.69	2.06
4.32	4.13
3.58	3.06
3.68	3.28
0.61	1.68
2.74	0.66
4.48	0.02
4.27	2.68
1.54	1.85
3.54	4.36
0.98	2.33
1.52	4.51
3.69	4.89
1.99	3.32
2.87	2.33
2.81	1.83
3.83	0.54
2.59	3.47
4.62	0.40
1.42	1.94
1.33	4.93
3.69	0.76
3.99	1.28
1.10	4.20
3.91	3.85
0.79	0.57
3.17	2.78
2.07	3.48
0.01	4.15
4.26	3.73
0.99	1.16
4.81	3.72
2.16	3.36
3.69	4.23
1.20	3.99
4.44	2.72
1.63	3.70
2.00	0.40
2.78	2.23
4.51	0.39
1.25	3.06
3.98	2.22
4.78	4.79
0.46	3.70
4.43	1.67
5.00	3.99
4.18	4.83
4.09	3.33
4.37	4.55
1.91	2.60
1.78	3.65
1.78	2.78
4.29	0.95
4.61	2.99
2.04	3.84
0.39	2.14
0.10	3.31
2.52	3.74
4.43	4.98
0.97	0.12
3.76	4.53
2.12	1.64
4.77	1.25
1.72	3.94
1.36	3.60
2.31	0.85
1.50	1.56
2.88	3.06
1.53	0.69
1.05	3.02
2.91	4.15
2.52	3.90
0.92	4.52
2.80	1.31
2.79	3.74
3.34	4.20
4.66	0.45
2.55	2.38
3.05	0.71
1.90	1.41
1.05	4.59
3.47	1.56
3.22	2.85
3.04	1.43
1.14	4.98
1.53	3.08
2.82	1.68
3.34	4.61
4.64	2.52
1.61	2.79
4.20	1.39
3.83	2.60
0.38	0.34
0.87	2.78
4.21	4.86
3.30	0.77
0.51	1.59
1.54	3.12
4.71	2.40
0.08	2.12
3.86	2.07
1.28	2.21
2.99	0.04
0.94	4.87
0.26	0.06
0.77	3.74
4.51	0.61
2.55	2.23
3.79	2.18
4.33	4.20
1.47	1.95
1.73	4.05
4.20	0.32
0.52	1.38
2.16	2.85
2.28	1.27
2.00	0.92
1.12	0.36
2.25	3.73
2.29	0.38
3.88	4.04
3.09	4.82
0.18	0.12
2.02	1.47
1.65	1.06
4.07	2.91
0.51	3.31
3.97	4.34
3.64	1.03
3.77	2.71
4.92	3.96
2.60	3.86
4.36	1.87
4.35	4.22
2.08	0.35
2.76	1.68
3.86	4.09
4.45	0.40
3.66	4.58
1.96	2.68
0.09	0.57
2.53	1.52
0.16	1.11
2.92	1.07
3.17	2.64
1.80	3.16
1.42	3.14
4.05	1.85
2.37	3.61
4.78	4.26
2.87	3.89
1.87	0.03
2.29	2.29
2.25	3.34
4.96	0.83
0.37	0.99
1.39	0.31
2.25	1.67
4.31	2.33
3.95	1.65
2.02	3.16
1.33	3.96
1.48	2.22
1.44	3.52
2.43	1.38
1.12	3.00
1.53	4.37
0.27	4.66
2.66	4.23
0.04	1.18
4.56	0.25
0.83	4.25
2.03	4.77
0.76	2.90
0.05	4.01
2.54	4.23
2.68	1.32
0.49	3.25
4.75	0.56
4.25	4.11
4.61	1.45
2.54	4.53
0.22	3.72
2.98	1.16
3.85	1.24
3.46	3.39
2.46	2.47
1.06	4.33
1.87	3.42
1.82	2.80
2.14	4.72
3.15	1.78
0.47	4.45
0.42	4.03
0.43	4.29
0.88	2.75
2.50	1.79
0.52	0.33
1.44	2.86
3.92	1.21
0.28	3.95
2.35	0.06
3.56	0.28
2.71	4.61
4.74	2.01
2.91	3.49
3.62	2.35
4.33	2.41
4.32	2.67
3.03	3.42
3.29	1.91
4.04	0.50
4.33	4.09
1.97	1.29
4.28	0.10
1.62	3.51
3.44	2.05
4.17	1.69
4.30	0.84
2.48	3.72
0.18	0.17
3.93	4.22
2.79	3.02
0.10	0.96
3.89	4.23
5.00	3.08
0.87	1.09
2.45	4.81
0.43	1.89
3.50	1.00
2.00	0.74
1.25	0.98
4.49	0.29
3.66	0.32
0.45	3.06
4.35	0.56
1.41	0.24
2.15	0.30
1.33	1.40
2.58	1.78
2.87	2.19
3.09	0.99
1.97	1.67
3.77	0.11
1.78	0.10
2.09	0.28
0.83	2.90
2.84	4.16
3.29	0.76
3.74	1.84
1.27	1.31
3.20	0.57
4.66	2.36
3.43	3.24
3.74	2.14
0.85	2.81
3.56	2.32
0.67	4.40
1.38	0.02
3.79	4.70
4.96	0.68
1.89	2.97
4.97	4.71
0.79	0.97
3.56	1.43
2.64	4.64
4.84	0.35
4.60	3.19
4.65	0.80
4.73	2.23
3.03	2.64
1.07	0.91
2.73	2.23
0.47	4.02
0.87	4.57
1.87	3.88
3.26	4.59
2.31	2.97
2.93	2.60
4.62	2.62
4.34	0.91
2.37	4.43
4.67	1.48
0.85	0.66
1.33	1.54
2.76	1.70
2.57	2.04
2.86	3.42
3.64	1.76
3.63	4.58
1.43	2.60
2.59	4.33
4.08	0.03
2.35	2.52
0.03	0.94
0.97	0.78
2.71	4.43
3.27	0.33
2.57	4.98
3.32	3.02
2.95	1.09
3.98	0.32
4.35	1.43
1.93	0.97
4.38	4.65
4.98	1.44
1.70	3.32
3.75	4.73
2.54	1.88
1.25	1.73
2.25	2.95
1.83	1.05
2.69	1.19
0.03	2.23
2.75	3.79
0.99	4.32
0.26	1.62
0.82	1.12
3.33	0.38
3.93	1.57
2.47	1.40
4.55	3.67
2.79	2.13
0.47	2.65
1.42	2.38
0.25	4.39
1.21	2.72
4.03	2.66
0.49	2.81
3.73	4.40
2.15	3.44
0.29	0.18
2.07	2.22
4.13	2.89
3.13	4.65
4.58	0.89
0.68	3.45
0.37	3.19
4.16	1.22
0.71	2.69
2.24	3.15
0.74	4.98
0.52	3.67
0.05	4.39
0.96	3.15
0.34	0.32
2.10	3.21
1.10	1.51
1.98	1.55
1.92	2.86
2.98	0.18
1.07	3.86
4.09	3.57
2.47	0.32
0.93	1.35
1.90	0.84
2.71	3.35
3.58	1.97
3.29	3.09
4.92	1.77
0.22	4.28
0.30	3.79
1.14	3.58
4.12	4.54
1.43	1.64
4.30	0.63
0.82	3.35
4.63	2.47
3.40	2.48
3.21	0.44
2.34	4.87
3.88	0.11
0.29	4.13
4.67	2.34
0.93	3.05
4.54	0.51
4.72	3.80
4.48	1.26
4.10	4.89
4.40	2.06
3.91	2.97
4.69	3.28
2.79	2.45
4.46	4.85
4.56	1.76
3.74	1.98
1.44	0.07
3.10	2.44
2.14	4.40
1.84	2.41
3.20	2.51
0.18	1.24
1.35	3.33
1.29	0.48
2.53	2.27
1.15	0.90
0.54	0.82
2.33	1.84
3.86	0.44
2.78	0.57
4.52	3.03
1.83	0.67
1.14	1.74
3.06	1.79
1.25	2.71
2.91	4.82
4.52	0.66
4.16	0.38
3.93	3.29
0.11	0.26
1.26	1.82
3.80	0.76
1.75	2.85
0.94	3.90
4.75	3.89
1.30	2.24
3.40	3.27
0.89	4.98
1.40	2.89
0.96	3.53
3.80	0.52
0.01	1.84
1.47	1.56
1.91	2.40
0.89	3.92
0.92	1.67
1.23	3.03
4.34	4.11
0.37	2.93
3.74	2.56
0.11	3.30
3.73	3.28
2.71	1.54
0.22	2.88
2.71	2.91
0.68	0.11
2.81	1.62
0.22	4.91
1.62	4.96
0.19	3.22
4.26	2.56
0.25	0.31
3.65	2.47
0.81	2.56
0.87	1.19
4.62	1.55
2.95	4.51
4.76	2.03
5.00	1.84
1.56	4.76
0.83	1.79
1.92	2.87
3.05	2.86
2.38	0.45
3.56	3.50
1.61	4.90
4.83	2.15
3.26	4.94
0.36	3.70
2.20	4.25
4.83	0.42
0.62	1.69
0.28	1.49
0.09	2.04
4.67	2.24
1.89	2.72
2.78	0.70
0.68	0.23
2.14	1.08
0.17	1.83
3.20	0.98
0.34	1.64
3.60	1.01
2.22	2.33
0.36	3.47
4.43	2.70
2.75	3.61
0.67	3.51
0.03	0.30
2.86	3.65
0.02	0.32
2.41	0.98
4.07	3.80
0.90	2.05
2.96	1.38
1.48	2.71
1.32	2.03
4.14	1.88
4.51	3.88
1.10	3.37
2.76	4.10
2.70	1.77
2.07	2.78
0.53	1.19
4.27	4.36
1.26	1.82
1.61	4.78
3.85	2.66
2.14	1.28
2.44	0.23
2.29	1.48
3.99	1.58
2.35	2.97
2.59	1.83
3.37	4.15
1.52	0.38
0.82	2.24
0.06	1.90
1.38	4.07
4.00	2.70
3.55	0.89
2.39	0.15
1.80	3.36
3.00	2.71
1.18	3.68
0.21	0.66
0.69	2.53
2.01	2.51
4.40	3.88
1.59	0.11
3.06	2.41
4.87	0.74
2.35	3.68
2.16	2.66
0.98	4.09
0.40	1.23
2.63	3.72
2.39	1.25
0.60	1.94
0.46	2.14
3.00	2.41
4.66	1.26
3.64	0.99
4.57	2.20
0.61	2.05
4.11	3.70
4.99	1.23
0.74	1.74
1.27	4.66
3.40	1.47
4.63	2.49
3.30	2.82
2.39	2.20
2.81	3.30
2.75	5.00
4.71	3.54
4.37	1.58
3.43	1.45
3.92	1.89
4.74	3.28
1.62	1.49
2.19	0.15
1.80	1.14
1.56	1.66
0.52	4.18
4.15	3.60
2.55	0.77
0.46	0.32
2.97	1.51
3.24	2.84
1.01	2.22
2.35	2.73
0.43	1.03
4.28	2.70
0.26	3.25
0.26	3.83
4.44	3.89
0.17	1.02
1.29	2.94
3.49	2.14
1.12	2.75
4.37	3.48
0.71	2.42
0.05	3.50
3.21	4.10
0.15	3.83
0.78	1.39
4.66	1.79
4.42	0.66
4.32	0.47
2.23	1.82
0.37	3.19
2.41	0.67
4.23	1.54
1.63	1.20
3.60	1.74
2.57	2.27
3.41	2.13
1.29	4.18
3.13	0.49
1.32	2.45
2.09	3.04
0.88	2.55
0.34	3.27
3.71	0.94
0.38	2.30
1.36	0.02
3.88	3.95
1.57	1.35
3.07	1.60
2.85	4.04
3.26	0.86
4.41	2.27
1.03	0.97
4.52	3.68
2.34	0.45
1.79	3.05
0.94	1.52
0.68	3.40
4.59	0.64
2.01	4.77
0.76	2.23
3.54	4.14
3.51	0.29
3.18	3.21
4.96	2.91
4.46	4.14
2.80	2.74
4.11	2.25
4.76	1.78
1.62	3.26
1.92	2.45
3.58	1.67
4.67	2.48
3.37	0.93
4.34	0.05
2.82	0.46
3.11	1.39
2.65	3.83
1.53	2.48
2.48	2.12
0.99	2.45
4.47	1.02
2.38	0.91
1.17	0.43
3.44	3.01
4.11	0.04
3.84	0.64
4.49	4.80
1.09	0.36
0.56	4.31
4.80	3.27
4.22	1.10
3.63	4.89
0.47	2.78
1.54	2.67
3.77	4.64
4.51	2.16
4.57	4.55
4.21	2.72
2.45	3.64
2.01	2.24
4.30	2.27
0.35	0.71
1.90	2.42
3.05	1.09
3.12	4.07
2.25	1.95
4.78	0.06
2.54	4.96
2.79	0.66
1.58	1.95
1.72	1.41
1.95	4.89
1.57	4.75
0.88	4.20
3.83	3.51
2.60	4.94
2.06	1.88
2.65	2.46
4.62	1.99
4.80	3.74
3.23	2.46
3.03	3.05
0.87	2.84
0.71	0.35
1.81	1.39
3.49	3.61
3.84	1.76
4.76	1.60
0.09	2.75
0.08	1.20
3.02	3.90
1.82	4.51
2.83	3.35
0.87	3.79
1.11	3.67
4.56	3.27
2.70	0.09
3.86	0.61
0.08	0.07
2.63	1.89
4.77	2.54
3.50	2.69
4.37	4.57
2.69	4.78
1.56	3.15
0.44	1.67
3.67	4.55
4.35	3.49
1.87	3.78
0.26	0.83
3.86	1.83
3.47	4.60
2.60	3.86
3.35	3.68
0.97	1.85
0.59	4.45
3.86	1.08
4.04	1.75
4.25	0.39
3.28	3.14
4.34	2.44
3.72	4.33
0.76	1.05
2.69	1.09
4.82	4.23
3.71	4.34
0.10	2.80
0.66	3.00
4.00	1.09
4.78	0.57
4.07	3.28
0.11	0.04
2.32	0.28
1.84	2.92
2.44	4.79
2.60	2.59
0.27	3.84
3.24	3.46
2.17	0.97
3.29	1.93
4.40	2.29
0.42	2.40
3.67	3.80
4.63	0.56
0.13	4.92
0.12	4.33
4.09	1.28
1.60	2.15
1.87	3.00
2.31	1.20
3.49	2.99
2.23	3.41
2.27	3.32
3.45	0.03
1.55	1.33
3.79	1.08
3.46	0.90
0.86	4.30
3.24	3.25
0.90	4.07
4.62	0.93
0.33	4.44
3.40	2.63
3.36	1.45
1.31	1.07
0.08	3.97
1.28	0.71
2.57	3.66
3.37	1.81
0.92	4.05
2.44	2.25
1.64	0.25
4.25	3.47
3.04	0.70
1.69	2.21
0.82	4.08
1.17	0.06
1.85	4.83
1.79	3.27
0.70	2.63
1.45	1.05
0.87	1.77
4.10	1.30
2.26	3.93
1.86	3.79
1.45	3.15
3.60	1.88
3.88	0.37
3.89	0.20
4.92	0.05
1.80	2.17
1.77	0.19
4.29	2.76
4.43	3.05
2.40	3.85
1.38	2.50
1.19	1.15
4.57	0.39
0.95	4.10
3.97	3.24
2.75	2.04
3.47	2.45
0.65	2.59
3.21	0.30
1.19	0.64
3.15	1.27
3.15	3.96
3.47	2.65
1.43	4.37
0.12	0.79
4.01	1.55
2.35	4.46
4.96	4.49
4.57	4.09
4.05	4.05
1.40	1.27
0.50	3.61
2.71	0.63
3.87	3.36
0.28	1.81
4.60	2.55
3.03	2.61
0.32	3.08
0.65	0.15
1.28	1.77
3.56	0.59
4.49	3.12
2.62	4.03
1.34	3.49
3.40	0.15
2.67	2.54
2.50	1.75
2.94	2.18
3.11	2.32
2.39	3.52
2.26	0.93
1.53	1.97
4.74	1.86
2.27	1.11
1.88	3.91
3.35	1.28
3.50	3.80
0.51	4.17
2.49	0.80
2.93	0.64
4.49	4.72
3.15	4.55
4.01	2.20
1.46	1.50
3.95	1.66
4.46	2.63
2.67	0.33
3.84	4.56
0.78	2.74
3.04	3.52
4.72	2.99
3.80	2.80
0.60	4.82
3.57	4.74
3.95	1.52
2.53	0.42
0.35	4.76
0.20	2.01
2.14	4.86
2.51	0.22
3.24	2.16
4.11	1.64
2.42	3.19
4.58	3.17
4.71	2.55
3.67	3.61
2.06	0.84
2.51	0.20
1.43	1.55
2.21	1.08
2.39	4.51
0.47	2.51
1.83	1.40
4.47	3.40
4.64	3.87
0.23	2.87
2.45	2.81
4.01	0.39
2.10	3.11
1.04	1.70
1.09	1.11
0.33	2.74
4.80	3.14
1.41	3.00
3.78	2.14
0.48	3.75
4.52	0.25
3.29	1.28
3.77	4.44
1.28	4.61
4.00	3.70
0.47	2.13
2.32	0.43
4.52	1.21
0.59	0.45
4.00	0.14
1.75	0.90
3.78	1.88
0.67	1.86
4.04	4.21
3.15	2.98
2.68	1.86
2.57	3.31
3.64	1.46
1.81	3.14
0.74	1.10
1.97	3.90
0.96	2.40
0.06	3.23
4.13	3.87
4.83	4.76
3.22	0.96
3.17	3.49
0.03	4.29
4.35	0.59
1.42	4.51
0.56	2.85
4.35	3.65
4.70	0.44
1.35	0.11
0.50	3.26
3.98	1.20
0.29	4.98
2.72	4.51
2.76	0.73
0.99	1.80
0.87	3.58
4.24	1.63
0.27	2.16
2.25	4.55
3.90	1.06
4.05	2.65
1.59	3.47
4.48	3.30
1.72	4.97
0.91	4.85
2.60	0.37
0.75	0.77
2.70	0.63
2.85	1.77
2.02	4.77
0.81	4.45
1.24	2.44
1.36	3.50
1.35	0.87
3.94	3.75
3.30	1.03
0.30	2.09
1.59	1.20
4.03	3.98
4.98	2.42
0.01	3.28
4.74	4.34
3.16	4.03
3.18	1.16
3.39	2.24
4.86	1.95
0.95	1.00
3.44	1.08
1.94	1.87
4.29	4.36
3.35	1.03
1.40	3.30
0.98	3.86
2.28	4.99
0.60	2.12
0.59	2.42
4.52	3.73
4.20	0.16
0.76	0.72
0.46	3.20
1.58	2.26
0.90	2.15
0.79	0.31
4.79	1.02
1.86	2.32
4.05	4.62
4.14	1.32
1.99	1.04
0.10	0.78
4.52	0.64
4.49	3.03
4.84	1.79
4.56	2.16
2.02	4.96
1.83	4.43
3.73	0.62
1.28	1.19
0.71	3.44
3.32	2.05
3.48	4.26
2.33	3.27
1.35	3.52
2.35	4.26
0.20	4.38
2.05	2.77
2.28	1.23
0.85	2.60
0.90	3.95
1.92	0.44
2.36	1.31
0.91	2.20
4.70	1.74
0.68	2.45
0.52	3.12
3.00	4.15
0.86	3.29
2.88	4.88
2.67	1.69
4.47	4.52
0.09	3.20
4.83	3.57
3.00	3.90
3.23	0.47
1.72	4.55
3.69	0.75
3.05	1.73
2.61	0.43
0.78	2.78
1.27	0.80
3.09	0.14
4.88	1.47
0.05	2.38
0.64	4.05
1.43	3.75
1.98	3.26
3.56	1.22
4.68	3.59
4.04	2.78
3.27	4.23
4.25	3.34
2.15	1.32
2.48	4.53
1.63	1.97
4.63	2.52
3.00	0.83
4.85	3.61
4.95	0.76
0.69	0.04
0.83	0.80
0.48	4.68
1.90	0.84
0.46	1.29
1.88	4.05
0.53	3.21
1.70	0.04
4.86	2.29
0.91	3.37
2.65	0.77
4.09	4.47
4.87	3.29
0.74	1.77
4.34	2.74
1.73	1.77
0.04	2.81
3.52	0.88
0.81	2.48
3.79	0.87
4.94	1.98
2.84	2.44
4.35	2.26
0.55	4.38
1.02	0.01
2.28	4.34
3.53	2.61
0.03	0.02
3.10	3.12
2.02	3.49
1.87	2.88
4.14	4.73
0.29	0.26
1.69	4.51
1.53	2.09
2.91	0.40
3.10	0.40
3.43	4.07
4.41	0.41
1.67	2.14
4.26	2.32
0.92	2.31
3.66	2.82
2.25	1.00
2.14	4.19
0.93	3.76
0.36	2.88
0.62	4.04
2.07	1.21
0.42	1.57
1.05	0.55
4.60	1.40
1.86	1.24
3.52	0.04
3.20	4.53
1.42	0.93
4.30	4.20
3.76	1.75
1.94	0.56
1.31	2.20
0.52	2.55
3.35	1.78
2.55	3.69
4.46	3.12
4.32	1.29
2.46	2.87
4.58	3.41
4.98	3.56
4.05	2.13
2.84	1.37
4.58	2.12
1.68	1.58
4.55	2.84
1.06	0.45
0.81	3.44
1.88	4.17
3.24	4.02
3.38	2.96
4.40	3.23
0.44	0.66
0.33	1.64
5.00	2.73
2.83	2.40
2.86	3.22
4.82	0.16
3.06	4.35
2.76	1.78
2.06	4.98
3.75	2.11
3.88	2.75
0.51	0.78
0.20	2.86
3.75	1.44
1.07	4.93
4.71	2.46
2.63	3.04
0.04	3.97
2.60	2.85
1.98	4.31
2.90	3.64
4.26	4.73
1.09	2.27
2.61	4.92
3.41	0.14
3.92	3.10
2.67	3.97
4.71	3.15
2.96	0.46
2.22	3.04
1.33	4.81
1.06	2.73
3.56	2.96
3.59	1.76
1.56	2.37
4.89	1.20
0.07	1.49
1.24	1.60
3.65	3.22
1.20	3.74
2.51	3.45
4.55	1.06
2.17	1.15
2.32	3.18
2.30	2.54
0.03	2.19
4.18	2.75
1.94	4.39
4.55	4.40
1.16	2.81
0.35	4.20
3.57	1.78
0.25	4.55
3.56	3.24
3.14	4.32
0.54	0.45
3.10	4.29
3.02	3.53
2.55	4.98
0.65	2.57
2.10	1.39
0.48	3.32
1.15	1.65
0.15	1.66
2.28	3.82
4.01	2.96
1.43	2.62
2.92	4.06
2.21	0.77
4.30	0.34
4.66	2.05
1.65	2.78
3.07	1.77
1.29	4.66
1.77	3.01
4.64	0.39
0.55	0.62
0.85	4.12
2.99	3.25
2.49	3.67
1.74	2.51
1.80	1.12
4.21	2.10
0.64	4.29
0.75	3.44
4.49	4.68
4.38	3.94
4.81	0.65
2.97	2.82
3.84	0.93
4.29	4.15
2.58	2.61
3.92	1.09
0.61	3.96
3.67	0.34
0.60	1.88
0.21	0.37
1.12	0.52
4.37	2.37
3.49	2.11
1.12	2.71
1.91	3.17
4.08	1.44
1.10	4.15
0.71	1.50
1.86	2.94
0.87	4.32
2.83	2.88
1.62	2.95
0.91	3.62
0.51	0.32
3.20	3.60
2.75	0.75
0.36	1.20
4.33	4.78
4.75	1.96
4.71	3.34
1.27	3.18
2.00	4.09
0.18	2.82
2.60	4.52
3.66	3.61
4.77	3.43
2.00	4.59
2.46	4.05
0.35	1.19
0.69	4.95
4.39	1.92
3.69	1.66
0.69	3.78
0.00	4.88
2.93	0.73
0.93	3.68
0.56	4.09
4.92	4.87
4.29	1.05
0.49	3.06
1.39	2.52
4.11	3.61
4.23	4.13
2.27	4.53
1.97	4.32
3.89	1.38
3.39	1.75
4.56	3.20
3.44	4.46
3.87	1.23
1.73	1.69
0.41	0.88
3.68	0.13
1.43	1.92
3.59	4.85
0.35	0.81
3.93	1.56
0.50	3.64
1.84	0.43
2.60	2.70
1.49	3.58
1.30	4.41
0.41	2.19
3.18	1.26
3.62	1.28
4.18	0.51
1.25	4.65
4.43	2.43
4.29	4.43
1.61	1.34
2.63	4.82
1.93	3.28
1.13	1.78
3.96	4.67
2.11	0.77
0.83	2.16
1.80	2.24
0.79	0.02
3.79	0.12
3.98	2.37
4.75	1.61
0.49	3.83
0.50	2.35
0.53	3.87
0.96	4.36
2.72	1.43
3.14	0.35
4.78	3.38
4.19	1.56
4.04	2.17
0.42	2.78
1.44	0.12
3.73	2.15
3.35	0.15
3.43	0.08
4.68	4.97
4.89	0.93
0.42	4.32
1.05	3.15
4.51	2.76
3.53	3.06
1.42	3.01
3.09	0.12
0.46	3.17
2.37	0.97
2.18	4.16
4.54	2.76
3.56	2.08
3.04	0.96
0.81	3.70
0.41	0.31
4.06	1.77
4.00	2.81
2.67	0.99
2.04	4.90
3.53	3.99
0.73	2.29
1.96	1.12
1.93	3.80
1.03	1.92
0.93	2.41
0.41	0.62
0.28	0.19
4.74	2.66
3.66	0.55
4.80	3.80
2.93	0.17
1.15	3.46
2.44	0.16
1.29	3.76
1.40	0.16
0.56	1.18
4.05	1.49
0.86	2.89
2.14	0.05
3.79	0.47
0.33	2.44
1.17	4.27
3.30	3.53
1.05	2.68
2.17	1.73
1.90	1.35
3.46	3.66
0.50	3.62
0.83	2.78
1.19	4.83
3.27	2.57
0.06	4.47
2.89	3.08
2.67	1.67
2.00	0.72
2.24	1.69
1.59	0.01
3.51	2.45
2.18	2.25
3.30	2.60
3.60	0.20
0.16	4.77
2.09	4.34
3.88	4.90
1.08	1.06
4.86	1.28
1.78	4.50
4.86	4.52
0.87	4.05
2.07	2.47
4.62	1.33
3.34	2.38
3.08	0.73
0.41	0.40
2.79	0.14
4.66	2.08
3.36	3.69
1.74	1.06
1.27	1.39
3.05	1.48
3.70	1.03
0.47	3.86
0.96	1.01
4.38	2.70
3.52	3.78
2.22	3.55
3.21	2.81
0.96	1.24
3.37	2.58
2.50	0.66
3.90	4.79
4.39	0.85
0.54	0.47
1.90	2.99
1.63	1.98
3.93	2.67
1.39	0.57
1.04	2.07
0.98	4.95
4.01	2.65
2.11	3.07
4.27	4.38
2.65	4.44
0.64	3.20
0.46	2.75
2.86	3.80
3.96	3.44
2.91	0.85
2.39	3.99
4.18	2.73
4.19	4.81
1.91	2.92
3.80	1.96
0.02	0.55
0.63	3.44
0.78	2.93
3.80	4.50
3.25	4.72
2.20	3.12
0.55	0.01
2.19	0.78
3.23	0.41
4.24	4.97
3.10	4.55
0.05	3.83
1.85	1.51
3.74	0.07
3.51	2.96
3.63	0.61
3.03	1.62
0.99	0.47
0.30	1.09
2.98	3.98
0.11	0.07
4.57	3.79
3.72	1.98
2.95	2.94
1.36	4.24
3.16	3.21
2.86	4.62
0.58	2.93
0.61	0.72
3.50	0.42
4.17	2.19
3.94	0.05
0.86	4.10
0.45	0.83
4.93	3.88
3.91	3.57
0.05	3.27
1.21	1.20
1.57	1.05
1.58	2.86
4.64	1.71
1.88	1.48
3.85	4.75
0.17	0.99
2.57	4.17
1.00	3.43
2.41	2.45
1.67	3.24
3.74	3.44
0.90	0.29
3.17	3.71
4.61	0.53
2.11	2.43
3.81	2.87
3.55	0.14
0.59	3.43
0.03	2.62
1.12	3.36
1.58	1.77
3.67	4.17
1.40	1.54
0.28	0.10
0.16	2.84
2.50	0.00
1.86	3.00
0.18	2.01
0.35	1.43
1.94	2.67
4.98	0.06
2.08	3.27
3.22	3.63
1.59	4.87
0.15	2.07
4.29	4.72
1.68	4.06
0.32	1.05
3.83	3.26
0.25	4.78
4.38	0.99
1.86	0.83
2.14	1.69
0.84	4.16
0.55	0.32
3.00	4.89
4.07	3.47
2.81	4.39
0.41	4.20
1.93	4.19
0.69	3.69
1.79	2.02
2.48	1.08
0.74	4.83
2.29	1.44
4.37	1.24
4.92	0.40
2.29	1.88
1.22	2.74
0.05	3.88
4.77	1.29
2.77	2.01
4.86	1.41
0.10	2.35
4.74	0.89
2.69	0.74
4.08	4.12
1.64	1.87
3.74	4.32
0.19	1.71
3.94	2.20
1.54	4.99
3.58	4.21
1.95	1.21
4.73	3.85
0.87	2.42
0.34	4.40
2.93	2.84
2.46	1.97
1.92	0.47
0.33	3.39
2.85	3.17
4.29	3.68
1.28	1.76
1.77	4.36
3.09	0.68
0.79	4.13
3.26	1.93
4.55	0.03
4.48	1.30
2.82	3.46
4.66	1.54
1.58	1.59
2.03	0.48
2.41	1.74
2.90	3.44
1.78	2.56
4.69	2.49
3.06	3.34
0.71	2.14
0.66	4.26
3.71	4.36
1.21	3.13
2.01	3.15
0.93	1.21
0.00	2.81
1.90	3.37
4.86	1.19
1.75	0.69
1.83	3.92
2.82	1.15
3.33	2.79
1.44	2.29
0.54	1.50
2.24	2.93
1.77	4.70
4.86	4.15
3.21	1.28
2.59	3.39
0.95	1.08
2.65	4.18
2.50	4.56
2.66	2.57
1.90	3.42
1.19	0.62
4.95	0.82
2.62	1.20
4.43	3.65
2.85	2.52
0.64	0.37
2.44	0.63
3.79	1.88
2.96	2.12
2.87	4.27
0.33	4.66
4.79	1.79
0.55	2.21
3.30	4.83
4.35	2.31
4.44	2.54
1.75	2.92
3.72	1.59
1.20	1.29
4.93	2.70
0.48	3.55
2.38	3.59
2.90	3.60
0.39	2.69
2.74	1.32
3.61	0.16
3.00	0.78
1.94	3.61
1.73	0.25
0.94	3.81
0.26	2.46
1.85	1.50
2.46	4.43
0.30	4.73
4.18	3.38
3.79	2.39
0.70	1.56
0.72	3.01
2.66	0.02
2.59	4.72
2.46	3.34
1.69	0.74
3.80	4.43
2.93	1.99
1.17	1.19
2.22	2.41
4.51	4.04
2.89	4.61
1.45	1.38
3.08	3.37
0.53	2.42
4.27	1.43
4.07	0.47
4.85	2.32
2.93	2.26
3.15	2.46
3.40	2.80
0.76	4.94
3.28	3.21
0.06	0.58
4.58	3.23
4.49	2.20
0.06	3.12
0.70	1.40
4.11	4.51
4.28	3.09
0.87	2.93
4.18	1.50
3.75	4.94
1.17	2.60
0.72	1.34
2.16	1.78
3.68	3.22
0.08	2.27
3.28	1.84
3.30	3.59
2.51	3.57
4.21	1.75
2.94	0.85
4.02	1.81
2.52	0.64
3.82	1.01
2.05	1.96
2.43	0.24
0.25	4.71
2.42	4.22
3.74	2.62
3.85	0.78
3.26	4.15
4.02	2.52
2.13	0.71
2.42	4.37
0.70	3.37
1.79	4.05
2.81	4.82
4.63	2.58
1.12	0.41
4.45	1.07
2.97	3.21
1.79	0.43
2.45	0.11
3.18	5.00
1.53	2.81
4.75	1.78
0.27	4.53
2.80	1.69
1.08	0.66
0.46	0.29
1.71	3.86
2.61	0.31
4.71	1.62
1.11	4.94
3.61	2.20
3.12	0.63
1.69	2.40
2.93	0.54
4.78	3.92
1.48	4.55
2.85	3.13
2.96	4.62
3.53	2.30
4.51	4.20
2.04	3.99
3.30	3.80
2.73	3.83
4.37	4.98
2.03	0.72
3.75	3.49
1.13	2.46
3.60	3.29
3.70	3.97
4.70	1.37
0.74	4.36
1.81	4.95
4.32	3.77
3.77	1.20
1.37	0.24
3.31	1.33
1.50	1.72
0.63	4.83
4.73	3.29
0.62	1.94
0.84	4.49
0.81	1.38
1.70	2.12
0.36	2.92
1.53	3.92
0.65	4.09
2.61	4.42
4.24	2.55
0.32	4.64
1.53	1.28
1.65	3.13
4.01	0.89
0.73	2.13
3.06	4.33
2.81	3.36
0.57	2.09
0.36	4.59
0.97	1.70
0.86	4.38
3.68	4.02
0.57	3.99
1.82	4.41
2.44	2.43
4.89	1.19
4.10	2.28
2.68	4.48
3.07	1.10
2.72	3.18
2.26	0.52
0.54	4.16
2.77	2.50
0.18	2.03
4.71	4.51
2.04	0.19
3.60	3.68
1.04	3.24
1.13	2.06
0.74	3.12
4.27	3.83
2.61	1.52
0.18	3.10
0.14	3.58
2.70	4.20
3.92	3.20
2.53	0.25
2.03	3.18
4.01	3.90
4.42	4.11
0.97	3.43
0.93	4.09
2.51	0.94
4.71	2.26
1.81	3.75
1.74	2.73
2.63	4.24
1.91	1.64
3.00	2.82
3.88	4.09
4.78	3.35
3.67	4.06
0.90	4.96
1.37	4.59
3.62	4.18
0.88	2.68
3.42	1.29
4.88	2.34
2.24	0.06
0.67	1.80
4.00	0.39
2.48	0.51
2.26	3.74
2.15	4.00
1.79	2.17
2.75	0.00
0.78	2.36
4.11	1.67
4.80	2.15
4.46	4.51
1.74	3.30
4.55	1.56
4.02	0.12
3.90	1.98
0.15	0.63
3.67	1.98
2.79	3.08
1.70	2.69
4.08	2.47
2.96	3.52
1.71	3.90
2.62	0.81
0.65	1.35
4.24	0.72
1.20	2.92
2.65	1.90
3.16	0.74
3.88	2.85
4.24	1.64
4.51	0.80
3.20	1.97
3.68	3.84
3.97	3.16
3.27	4.94
2.47	2.37
0.95	1.96
1.27	0.90
0.64	4.84
0.42	1.38
1.86	1.84
4.32	2.99
2.39	4.58
0.16	2.94
3.10	1.89
3.01	1.09
4.69	1.30
1.16	3.32
3.43	2.20
2.41	3.81
1.45	4.07
3.67	0.27
2.61	3.56
0.90	0.76
0.92	3.75
0.96	0.26
1.87	0.06
4.57	4.96
1.15	1.59
1.66	1.95
0.78	3.54
1.02	2.29
0.11	0.76
1.01	0.34
2.33	4.73
1.62	2.95
2.45	1.04
0.60	2.20
3.54	1.92
2.91	1.38
1.30	3.36
3.02	4.70
0.73	4.49
3.75	1.88
4.55	1.85
3.55	0.39
4.64	4.66
1.21	3.98
1.56	2.74
2.60	2.88
1.61	2.22
4.53	2.42
2.17	0.16
3.76	3.90
3.83	3.11
2.58	3.01
1.47	0.62
3.55	3.66
2.25	4.26
1.48	1.96
4.79	3.94
0.29	2.60
2.58	2.90
0.55	2.45
3.72	4.71
0.61	3.93
0.62	0.19
0.66	3.33
0.26	4.56
3.53	2.66
4.79	0.09
0.57	1.39
2.34	1.97
3.22	2.98
4.53	0.74
2.95	4.63
0.29	2.24
2.78	2.07
0.04	1.68
3.04	0.30
0.09	1.94
2.66	4.88
4.54	1.70
4.34	2.73
0.38	2.94
3.61	0.37
1.86	3.31
1.55	2.27
1.55	2.81
0.22	1.23
3.24	0.94
2.82	2.79
1.58	4.24
2.44	0.15
3.52	1.43
4.01	1.56
4.22	2.67
3.77	2.01
3.18	1.40
4.36	1.50
1.72	2.51
0.77	2.79
3.82	2.58
4.09	2.06
0.40	3.36
0.31	1.83
1.14	2.24
0.46	1.34
3.48	4.18
1.63	0.92
0.42	2.15
0.55	3.05
2.15	4.56
2.01	4.23
1.15	0.88
4.78	3.51
1.83	3.25
0.81	0.13
3.19	0.25
1.79	4.85
1.89	0.60
3.12	1.42
3.77	3.31
1.36	1.95
3.48	2.88
0.19	2.41
0.07	2.11
3.36	1.89
1.17	2.30
0.44	2.05
4.19	0.19
1.96	0.98
0.57	3.33
0.83	3.84
2.94	0.53
0.68	0.55
0.07	1.65
4.67	4.44
1.50	1.30
4.87	4.07
1.40	3.83
3.30	4.02
1.04	2.87
4.71	4.42
4.75	1.55
0.25	2.83
1.84	0.70
2.95	1.17
0.45	0.90
2.66	4.69
4.40	0.14
2.86	4.40
0.64	3.26
1.17	4.06
2.74	0.31
3.13	2.23
0.32	0.56
0.65	0.17
4.75	0.56
2.75	1.20
3.77	4.08
0.21	2.30
1.27	4.16
0.03	4.25
3.13	2.02
2.64	2.00
1.49	0.23
1.36	2.66
2.76	2.59
4.11	4.23
3.46	1.05
1.25	4.52
3.69	0.22
1.72	0.28
0.19	3.34
1.94	3.42
3.97	4.20
2.31	2.24
2.44	2.98
1.54	2.42
2.20	4.89
2.57	4.30
1.09	4.44
1.31	4.55
2.21	4.26
1.48	3.07
2.93	1.82
3.80	2.38
3.74	3.44
2.44	4.89
0.08	0.20
4.92	0.42
4.71	1.43
3.69	4.51
4.43	1.86
3.95	0.38
2.23	0.34
1.96	1.01
4.79	3.33
2.32	0.51
0.65	3.65
0.37	2.51
0.71	0.64
2.51	1.64
1.18	0.41
3.02	3.10
3.11	0.94
0.42	3.57
3.88	4.38
4.83	1.30
3.09	0.54
0.20	1.90
4.01	3.53
1.50	0.60
1.78	0.01
2.10	1.60
1.25	1.41
0.72	4.09
4.92	3.75
0.17	4.76
1.05	3.26
2.06	1.29
2.51	2.42
2.61	1.30
4.14	0.93
3.93	1.58
4.91	2.94
4.25	2.74
1.12	1.94
2.78	4.82
3.06	1.99
1.37	0.23
0.54	4.25
0.43	1.14
1.69	0.31
0.87	4.35
4.89	4.63
1.91	2.99
0.89	1.09
1.55	0.49
0.40	4.65
2.61	3.86
2.14	2.41
1.94	4.83
2.68	4.58
4.33	4.28
1.84	4.33
4.99	2.13
1.49	1.98
1.56	2.12
0.97	3.27
1.46	2.97
4.15	2.53
0.28	0.09
1.27	1.72
4.98	4.03
3.51	2.42
2.80	0.17
4.15	3.32
3.05	1.61
2.38	2.50
3.75	0.26
0.27	4.01
4.33	4.55
2.83	0.83
2.97	0.20
3.48	1.63
4.21	4.13
4.85	1.45
3.08	0.26
4.39	2.41
1.33	4.64
0.26	3.41
4.96	1.34
0.06	3.91
4.59	4.71
3.78	0.45
1.29	2.73
2.35	0.56
0.95	0.71
4.67	2.92
4.05	4.20
3.96	3.87
0.81	4.56
3.45	4.68
3.56	0.62
2.30	0.86
3.98	4.96
4.55	4.17
2.44	3.42
2.64	0.32
0.44	1.85
1.82	4.92
4.52	4.68
3.11	2.98
1.43	0.51
0.35	2.10
4.79	0.63
0.70	2.63
2.52	2.73
4.06	2.94
2.63	2.66
3.14	1.85
1.78	3.90
4.89	0.10
2.17	0.47
3.37	1.91
2.14	0.95
0.58	3.32
4.35	2.68
4.06	2.79
3.56	2.49
4.47	0.96
2.05	2.08
1.26	0.63
1.66	3.63
1.78	4.21
0.49	3.46
2.20	1.03
0.80	4.20
3.10	3.06
1.61	3.54
3.87	2.84
0.95	0.57
2.35	4.47
2.24	3.65
4.86	3.48
3.71	2.07
2.32	4.13
2.15	1.86
4.46	2.91
4.27	4.78
2.39	4.82
4.46	3.04
4.24	4.88
2.34	1.28
4.29	0.32
1.87	0.90
3.51	4.89
1.20	1.51
2.90	0.32
3.66	2.91
1.26	1.11
0.45	0.94
0.39	2.80
4.62	4.83
3.65	0.26
4.12	3.51
3.25	1.83
3.14	3.13
2.05	2.00
2.23	3.31
3.06	4.69
2.15	4.54
3.23	1.50
4.86	4.77
2.97	3.91
2.88	3.53
4.29	1.20
4.45	2.82
3.25	0.53
2.26	4.53
1.20	3.88
2.85	0.48
0.45	1.60
1.68	2.01
1.25	0.61
1.29	2.55
0.98	0.98
0.44	2.88
0.76	3.13
2.37	0.60
1.09	3.65
3.90	1.84
0.69	1.84
4.64	0.42
1.64	0.25
2.44	1.55
4.25	1.36
1.44	4.44
2.22	4.66
3.49	0.75
1.38	2.28
2.13	2.93
0.30	3.60
0.36	4.81
1.89	3.80
4.70	3.99
2.58	3.70
2.70	4.23
4.60	3.11
0.56	3.61
1.81	2.59
4.63	3.10
1.68	3.85
2.93	3.26
3.56	1.78
3.01	0.59
3.16	1.98
2.13	3.90
3.91	0.50
4.43	4.88
3.16	3.90
1.68	1.27
4.87	0.79
0.73	0.23
0.47	2.66
1.02	3.90
1.09	0.39
4.20	3.96
2.39	4.51
1.36	1.19
2.17	1.35
4.86	1.66
2.08	4.28
2.75	0.48
1.55	3.36
3.41	4.83
0.72	4.29
1.58	3.01
3.98	2.12
4.62	1.78
2.28	2.62
3.98	0.18
4.77	4.48
2.47	3.51
4.79	3.20
1.94	2.40
0.59	2.96
4.19	2.87
3.21	0.91
0.01	4.61
2.31	3.93
1.98	1.30
0.41	1.57
1.94	3.15
2.30	4.62
2.18	3.81
3.96	2.73
2.70	0.60
4.16	0.73
3.00	4.13
2.54	2.43
2.54	0.73
4.60	2.25
3.28	3.11
2.25	4.45
1.23	2.74
3.31	1.76
0.72	4.82
4.20	4.70
1.65	4.44
2.68	0.42
4.63	1.04
1.07	4.71
3.11	0.85
0.92	3.34
4.14	0.84
1.54	4.56
1.38	0.72
2.90	2.02
4.40	3.66
2.86	3.43
3.11	4.68
4.67	3.09
4.20	0.07
2.76	2.77
4.23	0.04
3.63	3.58
0.07	0.98
3.73	2.90
2.46	3.60
2.69	4.37
2.81	2.10
3.21	0.19
0.96	4.89
2.97	4.56
3.91	1.89
0.17	3.46
0.93	3.61
0.74	0.98
0.44	2.37
4.34	4.12
2.48	1.43
0.89	3.03
3.21	3.32
0.81	1.13
4.20	4.18
4.92	4.50
4.54	1.98
3.92	2.94
3.31	2.22
3.25	0.27
2.64	1.16
0.66	4.86
4.10	2.51
2.58	1.78
1.57	0.37
4.93	1.59
4.22	2.57
0.22	1.83
1.39	0.41
0.39	0.85
4.13	2.58
3.92	0.13
4.80	3.51
0.83	0.31
1.36	3.00
1.56	2.49
2.47	2.02
3.16	1.33
2.88	1.67
1.62	2.73
0.76	0.11
4.57	4.15
4.46	0.29
1.38	2.64
1.74	4.08
1.41	0.51
2.75	1.61
1.25	1.60
1.49	3.28
3.81	0.91
1.72	4.75
4.71	3.61
4.17	4.61
1.19	4.98
1.47	2.55
4.69	0.90
0.37	0.20
0.02	4.69
3.64	0.92
3.47	4.42
4.73	3.71
1.59	1.21
3.97	1.41
4.30	2.76
3.80	2.31
3.72	2.91
3.58	4.57
4.42	2.42
1.58	2.37
1.52	2.60
2.17	2.87
0.19	3.37
1.40	3.37
3.62	4.06
2.26	3.19
1.40	0.42
3.87	0.53
1.68	3.56
4.93	0.11
3.12	1.75
2.17	3.18
1.91	3.72
3.94	2.63
4.51	2.69
1.88	1.94
3.95	3.15
0.99	2.95
0.58	3.61
4.10	4.14
3.41	1.45
1.65	2.39
3.71	2.41
1.69	3.14
0.83	0.79
2.16	0.83
3.50	3.03
4.68	3.38
0.94	0.93
4.02	1.94
4.26	3.04
2.24	4.34
2.40	1.50
4.35	3.23
1.09	4.15
4.95	2.85
4.48	0.92
1.13	0.76
1.58	1.13
1.97	4.35
3.30	3.18
3.97	4.85
1.34	0.68
4.50	4.92
1.61	4.51
2.03	4.38
3.05	3.04
2.70	2.42
2.22	3.47
2.12	3.21
4.68	0.49
4.82	0.91
1.65	4.20
1.26	4.12
4.11	3.06
3.25	4.20
1.42	3.65
4.11	1.11
3.23	2.93
3.77	0.20
1.19	0.24
2.04	2.93
1.33	0.53
0.22	4.50
3.74	2.07
1.86	1.44
3.27	1.28
3.35	2.25
3.28	4.79
3.44	4.79
4.84	3.33
3.52	4.28
4.71	4.67
1.60	1.86
3.28	2.93
3.57	4.14
2.93	4.41
4.23	0.27
2.70	0.27
4.07	4.34
2.07	4.99
4.37	1.88
0.19	4.70
4.65	1.09
1.41	3.27
0.74	0.71
4.57	4.99
1.22	3.29
0.39	1.33
1.93	4.69
1.21	0.82
0.26	2.51
1.78	4.77
1.33	3.48
2.37	3.71
2.42	2.27
3.17	3.36
0.42	1.51
3.89	1.15
4.21	0.93
3.18	3.86
4.96	0.87
0.31	4.46
2.49	3.82
0.00	0.82
4.41	0.67
1.71	1.98
3.02	1.57
1.42	2.72
1.32	0.09
1.78	0.18
0.23	2.65
1.17	1.79
3.76	4.13
2.94	2.13
2.08	4.75
3.35	2.24
0.00	1.91
0.65	3.30
4.62	0.43
2.38	2.97
0.82	3.85
0.02	1.58
2.62	3.93
2.47	1.75
1.36	0.34
4.50	4.18
3.32	2.54
1.90	4.56
0.42	0.48
2.21	0.43
2.27	1.57
3.30	4.61
1.37	1.05
2.20	1.09
0.80	3.90
2.82	2.15
0.29	1.97
3.77	0.39
1.48	0.67
2.04	2.10
3.04	0.72
3.41	3.97
3.75	1.61
2.73	3.18
4.18	4.52
0.35	1.55
3.45	4.12
1.03	3.03
2.05	0.22
2.46	4.75
1.10	1.84
3.53	0.44
0.45	3.38
1.05	1.77
4.97	4.68
4.41	1.77
3.77	3.71
4.10	1.48
1.39	3.36
3.63	0.14
3.37	1.04
3.52	1.30
0.82	2.86
2.62	1.97
4.57	1.48
3.75	3.98
4.69	0.46
0.29	1.98
4.82	0.28
4.82	4.99
3.95	0.30
3.10	3.66
4.53	3.83
4.49	3.34
1.83	2.48
4.43	3.87
3.83	4.54
0.33	4.78
4.32	1.21
4.81	1.11
4.34	3.63
3.58	2.94
3.33	2.64
0.42	3.58
1.42	3.19
3.40	4.77
3.54	4.18
4.04	4.02
3.77	4.89
0.77	3.27
0.45	3.59
3.46	0.04
3.25	4.20
3.05	1.52
3.05	2.08
3.89	4.46
4.19	0.11
1.11	3.30
1.10	2.21
1.93	1.64
2.69	1.61
2.39	2.03
3.21	2.38
0.14	2.16
2.67	3.53
4.53	0.68
2.79	1.13
2.29	4.07
1.61	0.35
0.13	1.86
0.90	0.53
0.80	0.61
0.22	3.18
4.96	3.41
0.41	4.51
3.97	0.26
1.61	1.02
2.75	0.96
3.02	3.74
1.98	1.38
1.55	3.95
1.18	0.47
1.15	0.54
1.82	4.83
2.98	1.93
4.84	4.65
3.50	2.84
2.52	4.36
3.90	4.28
2.23	3.78
4.16	3.19
3.52	0.62
4.09	1.07
0.08	2.30
1.22	4.52
4.86	1.17
2.56	3.99
4.59	4.20
2.43	0.71
4.59	4.71
3.53	0.41
0.31	1.16
1.41	1.68
4.71	4.49
0.33	0.70
3.80	3.84
4.30	3.30
3.32	1.60
2.62	0.06
0.31	2.87
3.01	4.20
1.98	0.62
3.67	2.36
3.01	2.39
2.29	2.63
3.33	0.83
0.77	4.82
0.69	0.20
4.47	2.67
0.51	2.87
2.88	3.44
0.83	4.85
1.52	0.52
1.05	1.70
1.13	0.59
1.44	1.35
0.57	2.68
4.01	3.19
3.86	2.17
1.19	3.14
0.44	4.34
0.78	2.56
4.11	3.12
3.63	4.57
2.55	2.06
0.78	4.72
3.98	1.41
2.53	4.19
1.21	1.75
4.76	2.12
1.17	1.61
1.71	0.33
4.39	3.59
4.77	2.55
4.52	0.69
3.84	1.95
2.29	2.07
0.74	0.29
1.56	4.75
4.02	3.73
2.39	0.74
0.34	0.25
2.20	1.77
0.22	0.79
0.76	1.95
4.59	1.15
4.25	1.54
3.89	4.58
0.81	3.88
3.29	4.85
2.24	0.40
0.22	2.86
1.81	2.72
0.39	0.39
2.79	4.50
3.93	2.66
0.85	4.48
0.70	2.42
0.59	1.62
2.61	1.86
2.98	2.10
0.64	4.84
0.50	2.77
0.90	0.62
0.77	4.77
2.01	2.13
2.67	1.23
0.08	0.76
0.59	2.49
3.84	1.53
3.40	2.55
3.83	2.09
4.26	0.44
3.87	1.01
1.23	0.85
2.29	0.90
0.86	3.61
2.22	3.84
3.58	2.38
2.64	2.45
4.92	3.78
1.28	2.03
0.78	4.09
0.82	0.04
3.25	1.83
1.93	2.13
0.37	0.84
0.06	4.83
4.12	4.86
2.50	2.99
1.08	1.33
3.53	1.86
3.54	3.77
3.24	1.53
1.79	4.05
4.08	3.65
4.86	3.13
0.16	3.71
2.28	0.65
0.85	4.35
4.02	1.60
